성적 일람표
========================================================
학번	|국어	|영어	|수학	|음악	|총점	|평균	|
--------------------------------------------------------
00001	|77	|57	|62	|65	|0	| 0.00	|
00002	|94	|71	|52	|66	|0	| 0.00	|
00003	|92	|67	|60	|71	|0	| 0.00	|
00004	|66	|91	|87	|55	|0	| 0.00	|
00005	|97	|76	|92	|55	|0	| 0.00	|
00006	|70	|86	|78	|97	|0	| 0.00	|
00007	|71	|62	|54	|75	|0	| 0.00	|
00008	|94	|71	|99	|68	|0	| 0.00	|
00009	|55	|97	|82	|51	|0	| 0.00	|
00010	|50	|100	|97	|67	|0	| 0.00	|
00011	|70	|95	|69	|87	|0	| 0.00	|
00012	|68	|86	|53	|91	|0	| 0.00	|
00013	|70	|70	|54	|55	|0	| 0.00	|
00014	|51	|55	|92	|56	|0	| 0.00	|
00015	|53	|86	|54	|58	|0	| 0.00	|
00016	|51	|84	|86	|79	|0	| 0.00	|
00017	|79	|84	|100	|92	|0	| 0.00	|
00018	|97	|77	|95	|66	|0	| 0.00	|
00019	|65	|86	|86	|81	|0	| 0.00	|
00020	|90	|84	|68	|55	|0	| 0.00	|
--------------------------------------------------------
과목총점|1460	|1585	|1520	|1390	|5955	|
과목평균|365.00	|396.25	|380.00	|347.50	|	|74.44		|
========================================================
